6.666997
2.1500602
0.99997216
966.0
1.0
0.999
1.0
1.0
0.975
0.006
0.999
0.933
0.989
0.98
1.0
1.0
1.0
1.0
1.0
1.0
1.0
1.0
1.0
1.0
1.0
1.0
1.0
1.0
1.0
1.0
1.0
1.0
1.0
1.0
1.0
1.0
1.0
1.0
1.0
1.0
1.0
1.0
1.0
1.0
1.0
1.0
1.0
1.0
1.0
1.0
1.0
1.0
1.0
1.0
1.0
0.99997216
205.6
180.0
180.0
152.7
180.0
31.5
34.4
1.0
1.0
1.0
1.0
0.999
1.0
1.0
0.975
0.006
0.999
0.933
0.989
0.98
1.0
1.0
1.0
1.0
1.0
1.0
1.0
1.0
1.0
1.0
1.0
1.0
1.0
1.0
1.0
1.0
1.0
1.0
1.0
1.0
1.0
1.0
1.0
1.0
1.0
1.0
1.0
1.0
1.0
1.0
1.0
1.0
1.0
1.0
1.0
1.0
1.0
1.0
1.0
1.0
1.0
0.99997216
205.6
180.0
180.0
152.7
180.0
31.5
34.4
1.0
1.0
1.0
967.0
35901.0